21777
21778
21752
21800
21866
21830
21677
21710
5
21795
21798
21816
21731
21789
21700
21558
21816
21690
21716
21776
21898
21816
21704
21865
21812
21861
21830
21739
21807
21874
21882
21792
21944
21880
21770
21814
21792
21822
21727
22013
21852
21747
21648
21766
21610
21706
21611
21642
21745
21828
21831
21746
21797
21752
21771
21925
21977
21835
21869
21687
21960
22028
21747
21713
21597
21696
21780
21924
21733
21795
21841
21860
21906
21718
21847
21840
21848
21930
21776
21655
22041
21975
21702
21668
21816
21677
21787
21634
21736
21738
21846
21845
21888
22016
21906
21833
21701
21945
21906
21811
